#AB080275.1 0
0 19
0 28
0 41
0 52
0 55
0 41
0 48
0 48
0 44
0 47
0 51
0 39
0 50
0 43
0 42
0 46
0 39
0 47
0 40
0 43
0 41
0 51
0 42
0 47
0 44
0 48
0 46
0 52
0 41
0 46
0 48
0 44
0 46
0 42
0 47
0 44
0 41
0 48
0 37
0 39
0 39
0 38
0 41
0 44
0 47
0 36
0 37
0 51
0 40
0 47
0 41
0 40
0 45
0 40
0 48
0 49
0 43
0 49
0 53
0 43
0 55
0 34
0 38
0 45
0 43
0 47
0 36
0 43
0 39
0 47
0 41
0 45
0 46
0 41
0 32
0 48
0 46
0 47
0 44
0 42
0 46
0 46
0 39
0 50
0 51
0 51
0 39
0 45
0 49
0 48
0 49
0 43
0 45
0 45
0 40
0 40
0 44
0 43
0 47
0 44
0 47
0 50
0 47
0 50
0 47
0 46
